1.200000000000000025e-02 4.231082785577677896e+02
1.600000000000000033e-02 6.474583812391352922e+02
1.899999999999999953e-02 1.228224341575801191e+03
2.299999999999999961e-02 1.484247997950281160e+03
2.699999999999999969e-02 2.337613571855495138e+03
2.999999999999999889e-02 2.693960404875200311e+03
3.400000000000000244e-02 3.166646355010972457e+03
3.799999999999999906e-02 3.762505873435107787e+03
4.100000000000000172e-02 4.723880558482255765e+03
4.499999999999999833e-02 5.693284690104535002e+03
4.800000000000000100e-02 6.511848856542709655e+03
5.199999999999999761e-02 7.485577053838354004e+03
5.600000000000000117e-02 8.844290761707428828e+03
5.899999999999999689e-02 9.842443142382955557e+03
6.300000000000000044e-02 1.110276580005668802e+04
6.600000000000000311e-02 1.221098936659405081e+04
7.000000000000000666e-02 1.402281690439877639e+04
7.399999999999999634e-02 1.652087151993428779e+04
7.699999999999999900e-02 1.661181222218295443e+04
8.100000000000000255e-02 1.850419158064549629e+04
8.400000000000000522e-02 2.043458832701488427e+04
8.799999999999999489e-02 2.190143261590874317e+04
9.199999999999999845e-02 2.393977292666690482e+04
9.500000000000000111e-02 2.625295318054508971e+04
9.900000000000000466e-02 2.821339157669270935e+04
1.029999999999999943e-01 3.062293823031762804e+04
1.059999999999999970e-01 3.304626833267832262e+04
1.100000000000000006e-01 3.521676624792617076e+04
1.130000000000000032e-01 3.749637451136135496e+04
1.170000000000000068e-01 3.996561424857356906e+04
1.209999999999999964e-01 4.397681281764520099e+04
1.239999999999999991e-01 4.538847968825316639e+04
1.280000000000000027e-01 4.739903721675763518e+04
1.310000000000000053e-01 4.977995999026019854e+04
1.350000000000000089e-01 5.238233062147492456e+04
1.390000000000000124e-01 5.516560847353608551e+04
1.419999999999999873e-01 5.810959436708020803e+04
1.459999999999999909e-01 6.057262209888451616e+04
1.489999999999999936e-01 6.588734957196544565e+04
1.529999999999999971e-01 6.872843150390601659e+04
1.570000000000000007e-01 7.101866990991609055e+04
1.600000000000000033e-01 7.552467317615803040e+04
1.640000000000000069e-01 7.573574205784266815e+04
1.680000000000000104e-01 8.068956386493152240e+04
1.710000000000000131e-01 8.521255159351565817e+04
1.749999999999999889e-01 9.047743177469907096e+04
1.779999999999999916e-01 9.226197886826172180e+04
1.819999999999999951e-01 9.636975221241066174e+04
1.859999999999999987e-01 1.015105265716888825e+05
1.890000000000000013e-01 1.063460246061585494e+05
1.930000000000000049e-01 1.082910504205805191e+05
1.960000000000000075e-01 1.097933594434850675e+05
2.000000000000000111e-01 1.151725405728706828e+05
2.039999999999999869e-01 1.196764995908497076e+05
2.069999999999999896e-01 1.245483084142917360e+05
2.109999999999999931e-01 1.266676364972656447e+05
2.149999999999999967e-01 1.309090370342930255e+05
2.179999999999999993e-01 1.346634389451908355e+05
2.220000000000000029e-01 1.380590009312451875e+05
2.250000000000000056e-01 1.419276007525653695e+05
2.290000000000000091e-01 1.474053149920457508e+05
2.330000000000000127e-01 1.520878394976157870e+05
2.359999999999999876e-01 1.534949379761712044e+05
2.399999999999999911e-01 1.536999805395732401e+05
2.429999999999999938e-01 1.581790389908174693e+05
2.469999999999999973e-01 1.611721586138673592e+05
2.510000000000000009e-01 1.697678624955173582e+05
2.540000000000000036e-01 1.715872548322595248e+05
2.580000000000000071e-01 1.730692449497340131e+05
2.610000000000000098e-01 1.781494540012667712e+05
2.650000000000000133e-01 1.812858990157919179e+05
2.690000000000000169e-01 1.863206828276118031e+05
2.720000000000000195e-01 1.863904178529817145e+05
2.760000000000000231e-01 1.894525033833353664e+05
2.800000000000000266e-01 1.915015899203518056e+05
2.829999999999999738e-01 1.916875053582252003e+05
2.869999999999999774e-01 1.946776127814684005e+05
2.899999999999999800e-01 1.949700813158882665e+05
2.939999999999999836e-01 2.042680156496943673e+05
2.979999999999999871e-01 2.043853782705536869e+05
3.009999999999999898e-01 2.053136365343269426e+05
3.049999999999999933e-01 2.055858989205527760e+05
3.079999999999999960e-01 2.058055502537095745e+05
3.119999999999999996e-01 2.072795772694509069e+05
3.160000000000000031e-01 2.119047648590648605e+05
3.190000000000000058e-01 2.113375040269600868e+05
3.230000000000000093e-01 2.111026016795314790e+05
3.270000000000000129e-01 2.124963486011532659e+05
3.300000000000000155e-01 2.099211456799682637e+05
3.340000000000000191e-01 2.098539772071523184e+05
3.370000000000000218e-01 2.100594841847715725e+05
3.410000000000000253e-01 2.136002355913558276e+05
3.449999999999999734e-01 2.110251507919019205e+05
3.479999999999999760e-01 2.108158195906998590e+05
3.519999999999999796e-01 2.120062959756913187e+05
3.549999999999999822e-01 2.107137932662423991e+05
3.589999999999999858e-01 2.079527102836878912e+05
3.629999999999999893e-01 2.080512600356083130e+05
3.659999999999999920e-01 2.056236858862690278e+05
3.699999999999999956e-01 2.046820280682132288e+05
3.729999999999999982e-01 2.037725791921734635e+05
3.770000000000000018e-01 2.024303752003315021e+05
3.810000000000000053e-01 2.012321809150639165e+05
3.840000000000000080e-01 1.980276219456717372e+05
3.880000000000000115e-01 1.970026042339094274e+05
3.920000000000000151e-01 1.939126215706303774e+05
3.950000000000000178e-01 1.937367873369540612e+05
3.990000000000000213e-01 1.911823467664940981e+05
4.020000000000000240e-01 1.896813371834153077e+05
4.060000000000000275e-01 1.857708508979105100e+05
4.099999999999999756e-01 1.840201592850013112e+05
4.129999999999999782e-01 1.813778137445643661e+05
4.169999999999999818e-01 1.804802104701549979e+05
4.199999999999999845e-01 1.784432896688200417e+05
4.239999999999999880e-01 1.742998655939891469e+05
4.279999999999999916e-01 1.731214014309025661e+05
4.309999999999999942e-01 1.706407939683089498e+05
4.349999999999999978e-01 1.688455635271837527e+05
4.380000000000000004e-01 1.648667541643702425e+05
4.420000000000000040e-01 1.635787222546777630e+05
4.460000000000000075e-01 1.616204212773735926e+05
4.490000000000000102e-01 1.598680644330755749e+05
4.530000000000000138e-01 1.551354906336212298e+05
4.570000000000000173e-01 1.530688727806351380e+05
4.600000000000000200e-01 1.506305665327547758e+05
4.640000000000000235e-01 1.503085670763531234e+05
4.670000000000000262e-01 1.493282250816707383e+05
4.709999999999999742e-01 1.457013484430921380e+05
4.749999999999999778e-01 1.441996332127591886e+05
4.779999999999999805e-01 1.418441924752003397e+05
4.819999999999999840e-01 1.390273543427331024e+05
4.849999999999999867e-01 1.377882924935483315e+05
4.889999999999999902e-01 1.352376131221988471e+05
4.929999999999999938e-01 1.339560820119719428e+05
4.959999999999999964e-01 1.328570458534516220e+05
5.000000000000000000e-01 1.303454942370131612e+05
5.040000000000000036e-01 1.278545135682396358e+05
5.070000000000000062e-01 1.260445014959172404e+05
5.110000000000000098e-01 1.255284399500794098e+05
5.140000000000000124e-01 1.230226373076085729e+05
5.180000000000000160e-01 1.213147272173037200e+05
5.220000000000000195e-01 1.191561616380806954e+05
5.250000000000000222e-01 1.192577732850249886e+05
5.290000000000000258e-01 1.180582803633873555e+05
5.320000000000000284e-01 1.169186953051022865e+05
5.360000000000000320e-01 1.152384803187382495e+05
5.400000000000000355e-01 1.137614380497647217e+05
5.430000000000000382e-01 1.147540893131728517e+05
5.470000000000000417e-01 1.119074948027794308e+05
5.500000000000000444e-01 1.115042121572999749e+05
5.540000000000000480e-01 1.096774099054063554e+05
5.580000000000000515e-01 1.081903395562766091e+05
5.610000000000000542e-01 1.075777671943742171e+05
5.649999999999999467e-01 1.088359400805740734e+05
5.689999999999999503e-01 1.082532045691478706e+05
5.719999999999999529e-01 1.073449033129174495e+05
5.759999999999999565e-01 1.060260585433847591e+05
5.789999999999999591e-01 1.059983140991169494e+05
5.829999999999999627e-01 1.060145023577323300e+05
5.869999999999999662e-01 1.065828665470179694e+05
5.899999999999999689e-01 1.061610062939841009e+05
5.939999999999999725e-01 1.057656242802737252e+05
5.969999999999999751e-01 1.054559660480969324e+05
6.009999999999999787e-01 1.060645143742118962e+05
6.049999999999999822e-01 1.067905947006816859e+05
6.079999999999999849e-01 1.078532740901352518e+05
6.119999999999999885e-01 1.065837284596399986e+05
6.159999999999999920e-01 1.081355811891388730e+05
6.189999999999999947e-01 1.076691217836038850e+05
6.229999999999999982e-01 1.087202733091045811e+05
6.260000000000000009e-01 1.094317268956318876e+05
6.300000000000000044e-01 1.110263305405874999e+05
6.340000000000000080e-01 1.116875701352643810e+05
6.370000000000000107e-01 1.120826129589417396e+05
6.410000000000000142e-01 1.136937120778801182e+05
6.440000000000000169e-01 1.147561629727426625e+05
6.480000000000000204e-01 1.165156077503950510e+05
6.520000000000000240e-01 1.170727312441188114e+05
6.550000000000000266e-01 1.191829351746463217e+05
6.590000000000000302e-01 1.211911408176598343e+05
6.620000000000000329e-01 1.226545470174747170e+05
6.660000000000000364e-01 1.246685933396175678e+05
6.700000000000000400e-01 1.246842077161713678e+05
6.730000000000000426e-01 1.260459212448238395e+05
6.770000000000000462e-01 1.286445537172399636e+05
6.810000000000000497e-01 1.296955895914505090e+05
6.840000000000000524e-01 1.329625748939776095e+05
6.879999999999999449e-01 1.353560123943155631e+05
6.909999999999999476e-01 1.363422102122575743e+05
6.949999999999999512e-01 1.376452261059297016e+05
6.989999999999999547e-01 1.410407733776406967e+05
7.019999999999999574e-01 1.440011373522226932e+05
7.059999999999999609e-01 1.474012667571341153e+05
7.089999999999999636e-01 1.494694263404631347e+05
7.129999999999999671e-01 1.514143797340079909e+05
7.169999999999999707e-01 1.542412526150961930e+05
7.199999999999999734e-01 1.572822124016552698e+05
7.239999999999999769e-01 1.605995775575678563e+05
7.269999999999999796e-01 1.614795409779973852e+05
7.309999999999999831e-01 1.645621721690393460e+05
7.349999999999999867e-01 1.688861383712266688e+05
7.379999999999999893e-01 1.728720200989178556e+05
7.419999999999999929e-01 1.757635171460888814e+05
7.459999999999999964e-01 1.797212051659414137e+05
7.489999999999999991e-01 1.808121817417973944e+05
7.530000000000000027e-01 1.849797810305164021e+05
7.560000000000000053e-01 1.874436982780804683e+05
7.600000000000000089e-01 1.923777271341867745e+05
7.640000000000000124e-01 1.961166893094344996e+05
7.670000000000000151e-01 2.005083803042437939e+05
7.710000000000000187e-01 2.033582161829037650e+05
7.740000000000000213e-01 2.063715393028008984e+05
7.780000000000000249e-01 2.098545486771514989e+05
7.820000000000000284e-01 2.150893713271431916e+05
7.850000000000000311e-01 2.196484038312252378e+05
7.890000000000000346e-01 2.232279385903252114e+05
7.930000000000000382e-01 2.263757817317143781e+05
7.960000000000000409e-01 2.314217804800187005e+05
8.000000000000000444e-01 2.337751293246393034e+05
8.030000000000000471e-01 2.374382915512051841e+05
8.070000000000000506e-01 2.429847511797384068e+05
8.110000000000000542e-01 2.461513601789399108e+05
8.139999999999999458e-01 2.498006540477423405e+05
8.179999999999999494e-01 2.542711177902274358e+05
8.209999999999999520e-01 2.588073738694606291e+05
8.249999999999999556e-01 2.637033683831436792e+05
8.289999999999999591e-01 2.667775774945885642e+05
8.319999999999999618e-01 2.701300195576497354e+05
8.359999999999999654e-01 2.757603631082541542e+05
8.389999999999999680e-01 2.801880557089825743e+05
8.429999999999999716e-01 2.837429930691443151e+05
8.469999999999999751e-01 2.875925419774473412e+05
8.499999999999999778e-01 2.920840880929281120e+05
8.539999999999999813e-01 2.964862848022688413e+05
8.579999999999999849e-01 2.992941662212484516e+05
8.609999999999999876e-01 3.065421791916330112e+05
8.649999999999999911e-01 3.096902777813629364e+05
8.679999999999999938e-01 3.137561435535212513e+05
8.719999999999999973e-01 3.159045480113047524e+05
8.760000000000000009e-01 3.201767994213687489e+05
8.790000000000000036e-01 3.244320831095187459e+05
8.830000000000000071e-01 3.316041559072537930e+05
8.860000000000000098e-01 3.362929639730154304e+05
8.900000000000000133e-01 3.384977342382124043e+05
8.940000000000000169e-01 3.425863726215371862e+05
8.970000000000000195e-01 3.470779596258304664e+05
9.010000000000000231e-01 3.522677604502700269e+05
9.050000000000000266e-01 3.555662130247904570e+05
9.080000000000000293e-01 3.617570002192187821e+05
9.120000000000000329e-01 3.659586484107121942e+05
9.150000000000000355e-01 3.692843513467119192e+05
9.190000000000000391e-01 3.697467104625378270e+05
9.230000000000000426e-01 3.759718761701543117e+05
9.260000000000000453e-01 3.792728344925524434e+05
9.300000000000000488e-01 3.851592031459021964e+05
9.330000000000000515e-01 3.886164570925448206e+05
9.370000000000000551e-01 3.917844921151679009e+05
9.409999999999999476e-01 4.004634808470474673e+05
9.439999999999999503e-01 4.027157788397489348e+05
9.479999999999999538e-01 4.027535180363571271e+05
9.509999999999999565e-01 4.045873694460016559e+05
9.549999999999999600e-01 4.089108337847485091e+05
9.589999999999999636e-01 4.124052614013011334e+05
9.619999999999999662e-01 4.171891503672440886e+05
9.659999999999999698e-01 4.233129598062766017e+05
9.699999999999999734e-01 4.268391539491203148e+05
9.729999999999999760e-01 4.308405216744698700e+05
9.769999999999999796e-01 4.304709062316231430e+05
9.799999999999999822e-01 4.314723204544686596e+05
9.839999999999999858e-01 4.397113892134081689e+05
9.879999999999999893e-01 4.430436585830306285e+05
9.909999999999999920e-01 4.469752105075637228e+05
9.949999999999999956e-01 4.492108500896824407e+05
9.979999999999999982e-01 4.507302893619217211e+05
1.002000000000000002e+00 4.541702508202331956e+05
1.006000000000000005e+00 4.604378874145044247e+05
1.008999999999999897e+00 4.663960294652021257e+05
1.012999999999999901e+00 4.648660693295756937e+05
1.016000000000000014e+00 4.691970924051322509e+05
1.020000000000000018e+00 4.736787812888631015e+05
1.024000000000000021e+00 4.777746103588695987e+05
1.026999999999999913e+00 4.816082765499640955e+05
1.030999999999999917e+00 4.831148641762759653e+05
1.034999999999999920e+00 4.861014011766849435e+05
1.038000000000000034e+00 4.897540904236401548e+05
1.042000000000000037e+00 4.916970434500660631e+05
1.044999999999999929e+00 4.981883727079193341e+05
1.048999999999999932e+00 5.017239140602204716e+05
1.052999999999999936e+00 5.027845376144731999e+05
1.056000000000000050e+00 5.054784258652612916e+05
1.060000000000000053e+00 5.113012554737150786e+05
1.062999999999999945e+00 5.120614686927110306e+05
1.066999999999999948e+00 5.151190127689461224e+05
1.070999999999999952e+00 5.186822713891278836e+05
1.074000000000000066e+00 5.210961145344434772e+05
1.078000000000000069e+00 5.296135335173542844e+05
1.082000000000000073e+00 5.359525428467356833e+05
1.084999999999999964e+00 5.380601452837073011e+05
1.088999999999999968e+00 5.413877011842022184e+05
1.092000000000000082e+00 5.445133016055139014e+05
1.096000000000000085e+00 5.482192871299249819e+05
1.100000000000000089e+00 5.539550953222388634e+05
1.102999999999999980e+00 5.623378206604962470e+05
1.106999999999999984e+00 5.624484954224214889e+05
1.110000000000000098e+00 5.655400961994056124e+05
1.114000000000000101e+00 5.697641025185016915e+05
1.118000000000000105e+00 5.757934774897742318e+05
1.120999999999999996e+00 5.815842222816223511e+05
1.125000000000000000e+00 5.829450457160711521e+05
1.127999999999999892e+00 5.884095791288504843e+05
1.131999999999999895e+00 5.916468412964489544e+05
1.135999999999999899e+00 5.957508521946109831e+05
1.139000000000000012e+00 6.031835550865376135e+05
1.143000000000000016e+00 6.093954553614193574e+05
1.147000000000000020e+00 6.138325949978296412e+05
1.149999999999999911e+00 6.187764948687888682e+05
1.153999999999999915e+00 6.249703824702957645e+05
1.157000000000000028e+00 6.261904002221445553e+05
1.161000000000000032e+00 6.298622389215835137e+05
1.165000000000000036e+00 6.305790393012670102e+05
1.167999999999999927e+00 6.321707482712904457e+05
1.171999999999999931e+00 6.419859022802019026e+05
1.175000000000000044e+00 6.456085404621018097e+05
1.179000000000000048e+00 6.503938073262241669e+05
1.183000000000000052e+00 6.543469839040635852e+05
1.185999999999999943e+00 6.572563236803797772e+05
1.189999999999999947e+00 6.615429847118114121e+05
1.193999999999999950e+00 6.618788631266007433e+05
1.197000000000000064e+00 6.631710637906987686e+05
1.201000000000000068e+00 6.618773625910468400e+05
1.203999999999999959e+00 6.670766863737280946e+05
1.207999999999999963e+00 6.691643719235653989e+05
1.211999999999999966e+00 6.739504404877001652e+05
1.215000000000000080e+00 6.800535928477178095e+05
1.219000000000000083e+00 6.790855638354297262e+05
1.221999999999999975e+00 6.780456656309461687e+05
1.225999999999999979e+00 6.773446925387935480e+05
1.229999999999999982e+00 6.783416790352393873e+05
1.233000000000000096e+00 6.843477636387423845e+05
1.237000000000000099e+00 6.826090009986103978e+05
1.239999999999999991e+00 6.804458087465543067e+05
1.243999999999999995e+00 6.799153314297193429e+05
1.247999999999999998e+00 6.783511704927613027e+05
1.250999999999999890e+00 6.761216327953855507e+05
1.254999999999999893e+00 6.765157813580277143e+05
1.258999999999999897e+00 6.764338287797485245e+05
1.262000000000000011e+00 6.749664500138403382e+05
1.266000000000000014e+00 6.775661568758134963e+05
1.268999999999999906e+00 6.733716983524448005e+05
1.272999999999999909e+00 6.705247542922705179e+05
1.276999999999999913e+00 6.737827593415562296e+05
1.280000000000000027e+00 6.680529022739774082e+05
1.284000000000000030e+00 6.623042696951437974e+05
1.286999999999999922e+00 6.583184872663383139e+05
1.290999999999999925e+00 6.576001230428653071e+05
1.294999999999999929e+00 6.591450809729351895e+05
1.298000000000000043e+00 6.519495341781958705e+05
1.302000000000000046e+00 6.518975436572411563e+05
1.304999999999999938e+00 6.476400754874229897e+05
1.308999999999999941e+00 6.487404682822850300e+05
1.312999999999999945e+00 6.477982606550839264e+05
1.316000000000000059e+00 6.386335309285550611e+05
1.320000000000000062e+00 6.362365398208940169e+05
1.324000000000000066e+00 6.295120378836304881e+05
1.326999999999999957e+00 6.297316283944547176e+05
1.330999999999999961e+00 6.275571111552704824e+05
1.334000000000000075e+00 6.233839527711535338e+05
1.338000000000000078e+00 6.198253502436369890e+05
1.342000000000000082e+00 6.180323748063513776e+05
1.344999999999999973e+00 6.123660372444654349e+05
1.348999999999999977e+00 6.087475400905580027e+05
1.352000000000000091e+00 6.041292313065096969e+05
1.356000000000000094e+00 6.034475517502954463e+05
1.360000000000000098e+00 5.975379255262254737e+05
1.362999999999999989e+00 5.918725316327039618e+05
1.366999999999999993e+00 5.898580032628384652e+05
1.370999999999999996e+00 5.908118767890755553e+05
1.374000000000000110e+00 5.861663856463081902e+05
1.377999999999999892e+00 5.801249463142525638e+05
1.381000000000000005e+00 5.765903955037668347e+05
1.385000000000000009e+00 5.716643383397994330e+05
1.389000000000000012e+00 5.696108026512870565e+05
1.391999999999999904e+00 5.679938732750260970e+05
1.395999999999999908e+00 5.626330691801522626e+05
1.399000000000000021e+00 5.591089348468509270e+05
1.403000000000000025e+00 5.533727081389584346e+05
1.407000000000000028e+00 5.453006925592289772e+05
1.409999999999999920e+00 5.398998419503918849e+05
1.413999999999999924e+00 5.407101602941296296e+05
1.417000000000000037e+00 5.382795502212586580e+05
1.421000000000000041e+00 5.336005054609712679e+05
1.425000000000000044e+00 5.314121888857603772e+05
1.427999999999999936e+00 5.245836727910673944e+05
1.431999999999999940e+00 5.224316060003406019e+05
1.435999999999999943e+00 5.178075060955229565e+05
1.439000000000000057e+00 5.156936628998316592e+05
1.443000000000000060e+00 5.105682490944341989e+05
1.445999999999999952e+00 5.065118775552109000e+05
1.449999999999999956e+00 5.038601531661262270e+05
1.453999999999999959e+00 4.976549795495764702e+05
1.457000000000000073e+00 4.920802099225528073e+05
1.461000000000000076e+00 4.880229501380725414e+05
1.463999999999999968e+00 4.844867022374660592e+05
1.467999999999999972e+00 4.815380789912382024e+05
1.471999999999999975e+00 4.761527847288656048e+05
1.475000000000000089e+00 4.741847605579322553e+05
1.479000000000000092e+00 4.730040010033720755e+05
1.483000000000000096e+00 4.675245554410742479e+05
1.485999999999999988e+00 4.622042247359284665e+05
1.489999999999999991e+00 4.566076511686295271e+05
1.493000000000000105e+00 4.553340627125707106e+05
1.497000000000000108e+00 4.515110143135841354e+05
1.500999999999999890e+00 4.471694404885575059e+05
1.504000000000000004e+00 4.415997121592388721e+05
1.508000000000000007e+00 4.403118765366732841e+05
1.510999999999999899e+00 4.323356256613229052e+05
1.514999999999999902e+00 4.271421148827936267e+05
1.518999999999999906e+00 4.230349946091829333e+05
1.522000000000000020e+00 4.214948175471674185e+05
1.526000000000000023e+00 4.210518593142163591e+05
1.528999999999999915e+00 4.135886242077920469e+05
1.532999999999999918e+00 4.092479186011268175e+05
1.536999999999999922e+00 4.049909979879450402e+05
1.540000000000000036e+00 4.029439424015668919e+05
1.544000000000000039e+00 3.969912297152529936e+05
1.548000000000000043e+00 3.932843893032844644e+05
1.550999999999999934e+00 3.892192486937087961e+05
1.554999999999999938e+00 3.886600933430389268e+05
1.558000000000000052e+00 3.830686359325861558e+05
1.562000000000000055e+00 3.808959763615199481e+05
1.566000000000000059e+00 3.751995435947848018e+05
1.568999999999999950e+00 3.707073282094823080e+05
1.572999999999999954e+00 3.667203418260897743e+05
1.576000000000000068e+00 3.631814603255587281e+05
1.580000000000000071e+00 3.613007996148163220e+05
1.584000000000000075e+00 3.556094633588985889e+05
1.586999999999999966e+00 3.526177466114709387e+05
1.590999999999999970e+00 3.483117096855279524e+05
1.594000000000000083e+00 3.465554531998427119e+05
1.598000000000000087e+00 3.430719745087898918e+05
1.602000000000000091e+00 3.400663144959608326e+05
1.604999999999999982e+00 3.338839634654042311e+05
1.608999999999999986e+00 3.309673882805908215e+05
1.612999999999999989e+00 3.294017830884074210e+05
1.616000000000000103e+00 3.261766109190889401e+05
1.620000000000000107e+00 3.207075506994994357e+05
1.622999999999999998e+00 3.159631171289571794e+05
1.627000000000000002e+00 3.128482930851184647e+05
1.631000000000000005e+00 3.104160124198014964e+05
1.633999999999999897e+00 3.059574010816440568e+05
1.637999999999999901e+00 3.021662440543397097e+05
1.641000000000000014e+00 3.006211295419763192e+05
1.645000000000000018e+00 2.965239253839769517e+05
1.649000000000000021e+00 2.946365530320730759e+05
1.651999999999999913e+00 2.908777963578098570e+05
1.655999999999999917e+00 2.883516112365149893e+05
1.659999999999999920e+00 2.831520271195608657e+05
1.663000000000000034e+00 2.808633232590072439e+05
1.667000000000000037e+00 2.784605515283299610e+05
1.669999999999999929e+00 2.736842626583962119e+05
1.673999999999999932e+00 2.726796849495845381e+05
1.677999999999999936e+00 2.683883084076768137e+05
1.681000000000000050e+00 2.645040823174335528e+05
1.685000000000000053e+00 2.621263494422667136e+05
1.687999999999999945e+00 2.584371452960362367e+05
1.691999999999999948e+00 2.548197264077416621e+05
1.695999999999999952e+00 2.537862840493734984e+05
1.699000000000000066e+00 2.503862606921918923e+05
1.703000000000000069e+00 2.455506787492017029e+05
1.705999999999999961e+00 2.447433489963950415e+05
1.709999999999999964e+00 2.402016421539058210e+05
1.713999999999999968e+00 2.406506762822604796e+05
1.717000000000000082e+00 2.387169266187392059e+05
1.721000000000000085e+00 2.345357938392977230e+05
1.725000000000000089e+00 2.326393221001171623e+05
1.727999999999999980e+00 2.299903225417034409e+05
1.731999999999999984e+00 2.261947154669100419e+05
1.735000000000000098e+00 2.245359726447143184e+05
1.739000000000000101e+00 2.241713976916889951e+05
1.743000000000000105e+00 2.214164435613989772e+05
1.745999999999999996e+00 2.180794713795538701e+05
1.750000000000000000e+00 2.144691605059250141e+05
1.752999999999999892e+00 2.166115518543119251e+05
1.756999999999999895e+00 2.117114528006445034e+05
1.760999999999999899e+00 2.095603448512688337e+05
1.764000000000000012e+00 2.075585889237932861e+05
1.768000000000000016e+00 2.062415961834313057e+05
1.772000000000000020e+00 2.046560331032545946e+05
1.774999999999999911e+00 2.023386583833945042e+05
1.778999999999999915e+00 1.998923375303452485e+05
1.782000000000000028e+00 2.001456365811972937e+05
1.786000000000000032e+00 1.978719912981328089e+05
1.790000000000000036e+00 1.958373864253325446e+05
1.792999999999999927e+00 1.936753216216556903e+05
1.796999999999999931e+00 1.928666843289269309e+05
1.800000000000000044e+00 1.903316327763679146e+05
1.804000000000000048e+00 1.893132118461932987e+05
1.808000000000000052e+00 1.892123065008858102e+05
1.810999999999999943e+00 1.854007200048474770e+05
1.814999999999999947e+00 1.869258314816209022e+05
1.818000000000000060e+00 1.829316808388926147e+05
1.822000000000000064e+00 1.820759165239499416e+05
1.826000000000000068e+00 1.811323209760695754e+05
1.828999999999999959e+00 1.798708762874951935e+05
1.832999999999999963e+00 1.787939055097027158e+05
1.836999999999999966e+00 1.764458110915860161e+05
1.840000000000000080e+00 1.777317683410276659e+05
1.844000000000000083e+00 1.764539442786837753e+05
1.846999999999999975e+00 1.748140671623791859e+05
1.850999999999999979e+00 1.721193227059792844e+05
1.854999999999999982e+00 1.721149833436890622e+05
1.858000000000000096e+00 1.723258845322890265e+05
1.862000000000000099e+00 1.698374085678500705e+05
1.864999999999999991e+00 1.678462624156200036e+05
1.868999999999999995e+00 1.691489742232245626e+05
1.872999999999999998e+00 1.672761388275481586e+05
1.875999999999999890e+00 1.631350017555434606e+05
1.879999999999999893e+00 1.653127567653610895e+05
1.883000000000000007e+00 1.642582230914891115e+05
1.887000000000000011e+00 1.635729177173226781e+05
1.891000000000000014e+00 1.615785003100486647e+05
1.893999999999999906e+00 1.602406008801886637e+05
1.897999999999999909e+00 1.601809030433179578e+05
1.901999999999999913e+00 1.604540494744894968e+05
1.905000000000000027e+00 1.568420836579898023e+05
1.909000000000000030e+00 1.586522315105989110e+05
1.911999999999999922e+00 1.567311514397231513e+05
1.915999999999999925e+00 1.554036506544426375e+05
1.919999999999999929e+00 1.534514653958608396e+05
1.923000000000000043e+00 1.529075841866683622e+05
1.927000000000000046e+00 1.520596204399529088e+05
1.929999999999999938e+00 1.520472959874481021e+05
1.933999999999999941e+00 1.496765643375040672e+05
1.937999999999999945e+00 1.489114641774616612e+05
1.941000000000000059e+00 1.486958571155985992e+05
1.945000000000000062e+00 1.461263691989379004e+05
1.949000000000000066e+00 1.460019614351524506e+05
1.951999999999999957e+00 1.437538243645690090e+05
1.955999999999999961e+00 1.417011209827272105e+05
1.959000000000000075e+00 1.410529534883320739e+05
1.963000000000000078e+00 1.410566484551847389e+05
1.967000000000000082e+00 1.403236584425928304e+05
1.969999999999999973e+00 1.394351526566169632e+05
1.973999999999999977e+00 1.365080511160245223e+05
1.977000000000000091e+00 1.330765060856824275e+05
1.981000000000000094e+00 1.338683832373933110e+05
1.985000000000000098e+00 1.298885225929517183e+05
1.987999999999999989e+00 1.297220257065298065e+05
1.991999999999999993e+00 1.283443940708062728e+05
1.995000000000000107e+00 1.263353937843082967e+05
1.999000000000000110e+00 1.246794881697010132e+05
2.003000000000000114e+00 1.214064427338542300e+05
2.005999999999999783e+00 1.208867634831882606e+05
2.009999999999999787e+00 1.188895547845096589e+05
2.013999999999999790e+00 1.156656042132180592e+05
2.016999999999999904e+00 1.128726497336579196e+05
2.020999999999999908e+00 1.125362639625665615e+05
2.024000000000000021e+00 1.099002656132064731e+05
2.028000000000000025e+00 1.076942295876149146e+05
2.032000000000000028e+00 1.042161215218492434e+05
2.035000000000000142e+00 1.026689752032293909e+05
2.039000000000000146e+00 1.001506982394492079e+05
2.041999999999999815e+00 9.814894964936774340e+04
2.045999999999999819e+00 9.716021654477578704e+04
2.049999999999999822e+00 9.292290505039277195e+04
2.052999999999999936e+00 9.028218439452990424e+04
2.056999999999999940e+00 8.916573255797465390e+04
2.060999999999999943e+00 8.662010921569180209e+04
2.064000000000000057e+00 8.347728605062236602e+04
2.068000000000000060e+00 7.974226388549228432e+04
2.071000000000000174e+00 7.847608901905735547e+04
2.075000000000000178e+00 7.601180014940279943e+04
2.079000000000000181e+00 7.356417999943737232e+04
2.081999999999999851e+00 7.275602577547301189e+04
2.085999999999999854e+00 7.057787623620439263e+04
2.088999999999999968e+00 6.732008654886593285e+04
2.092999999999999972e+00 6.389280476478463243e+04
2.096999999999999975e+00 6.309165946130348311e+04
2.100000000000000089e+00 6.189084782272946904e+04
2.104000000000000092e+00 5.954883966482945834e+04
2.107000000000000206e+00 5.800409432761791686e+04
2.111000000000000210e+00 5.507905914667348407e+04
2.115000000000000213e+00 5.360909051092623122e+04
2.117999999999999883e+00 5.122918940725972061e+04
2.121999999999999886e+00 4.900492919669673574e+04
2.125999999999999890e+00 4.737992273091623792e+04
2.129000000000000004e+00 4.651588816601187864e+04
2.133000000000000007e+00 4.469046421972092503e+04
2.136000000000000121e+00 4.292528173382902605e+04
2.140000000000000124e+00 4.287047133097326878e+04
2.144000000000000128e+00 4.118203463936579647e+04
2.146999999999999797e+00 4.013160840493498836e+04
2.150999999999999801e+00 3.840241906589604332e+04
2.153999999999999915e+00 3.729690301441849442e+04
2.157999999999999918e+00 3.659384577603462094e+04
2.161999999999999922e+00 3.674263353784659557e+04
2.165000000000000036e+00 3.464203679491321964e+04
2.169000000000000039e+00 3.446720199599000625e+04
2.172000000000000153e+00 3.326964310130696686e+04
2.176000000000000156e+00 3.288304790310849785e+04
2.180000000000000160e+00 3.154723381707051158e+04
2.182999999999999829e+00 3.229863362509729632e+04
2.186999999999999833e+00 3.379578373744272540e+04
2.190999999999999837e+00 3.916338933269705740e+04
2.193999999999999950e+00 4.489282186805332458e+04
2.197999999999999954e+00 4.286541218188655330e+04
2.201000000000000068e+00 1.762751146579720080e+04
